("Hello World")

a<-10 * 100
a