("Hello World")

a<-10 * 100
a

b<-10*100
b

c<-a*b
c